/*--------------------------------*- C++ -*----------------------------------*\
  =========                 |
  \\      /  F ield         | OpenFOAM: The Open Source CFD Toolbox
   \\    /   O peration     | Website:  https://openfoam.org
    \\  /    A nd           | Version:  11
     \\/     M anipulation  |
\*---------------------------------------------------------------------------*/
FoamFile
{
    format      ascii;
    class       volScalarField;
    location    "0";
    object      yPlus;
}
// * * * * * * * * * * * * * * * * * * * * * * * * * * * * * * * * * * * * * //

dimensions      [0 0 0 0 0 0 0];

internalField   uniform 0;

boundaryField
{
    front
    {
        type            empty;
    }
    back
    {
        type            empty;
    }
    outlet
    {
        type            calculated;
        value           uniform 0;
    }
    inlet
    {
        type            calculated;
        value           uniform 0;
    }
    upperairfoil
    {
        type            calculated;
        value           nonuniform List<scalar> 
217
(
0.427995
0.52014
0.51017
0.510142
0.520139
0.42001
0.300031
0.300064
0.408396
0.408476
0.408346
0.500107
0.408444
0.300085
0.396993
0.388873
0.280044
0.400411
0.490206
0.388865
0.280052
0.280076
0.3888
0.388888
0.377375
0.369351
0.260044
0.369337
0.369351
0.369331
0.361627
0.349853
0.440102
0.450159
0.369346
0.250205
0.24004
0.349878
0.349887
0.338254
0.33825
0.23021
0.223061
0.333939
0.332433
0.331245
0.418094
0.416085
0.325123
0.211049
0.209046
0.208044
0.20645
0.203927
0.203927
0.20645
0.208044
0.209046
0.211049
0.325123
0.416085
0.418094
0.331245
0.332433
0.333939
0.223061
0.23021
0.33825
0.338254
0.349887
0.349878
0.24004
0.250205
0.369346
0.450159
0.440102
0.349853
0.361627
0.369331
0.369351
0.369337
0.260044
0.369351
0.377375
0.388888
0.3888
0.280076
0.280052
0.388865
0.490206
0.400411
0.280044
0.388873
0.396993
0.300085
0.408444
0.500107
0.408346
0.408476
0.408396
0.300064
0.300031
0.42001
0.520139
0.510142
0.51017
0.52014
0.427995
0.201041
0.201041
0.201041
0.201041
0.201041
0.201045
0.201041
0.201041
0.201041
0.201041
0.201041
0.201041
0.201045
0.201037
0.201041
0.201044
0.201041
0.201041
0.201041
0.201041
0.201041
0.201044
0.201041
0.201037
0.201044
0.201037
0.201044
0.201041
0.201041
0.201041
0.201041
0.201041
0.201044
0.201041
0.201037
0.201041
0.201044
0.201041
0.201041
0.201044
0.201037
0.201041
0.201044
0.201041
0.20104
0.201041
0.201041
0.201041
0.201041
0.201041
0.201041
0.201041
0.201041
0.201041
0.201041
0.201041
0.201041
0.201041
0.201041
0.201041
0.201041
0.201041
0.201041
0.201041
0.20104
0.201041
0.201044
0.201041
0.201037
0.201044
0.201041
0.201041
0.201044
0.201041
0.201037
0.201041
0.201044
0.201041
0.201041
0.201041
0.201041
0.201041
0.201044
0.201037
0.201044
0.201037
0.201041
0.201044
0.201041
0.201041
0.201041
0.201041
0.201041
0.201044
0.201041
0.201037
0.201045
0.201041
0.201041
0.201041
0.201041
0.201041
0.201041
0.201045
0.201041
0.201041
0.201041
0.201041
0.201041
)
;
    }
    lowerairfoil
    {
        type            calculated;
        value           nonuniform List<scalar> 
217
(
0.427995
0.52014
0.51017
0.510142
0.520139
0.42001
0.300031
0.300064
0.408396
0.408476
0.408346
0.500107
0.408444
0.300085
0.396993
0.388873
0.280044
0.400411
0.490206
0.388865
0.280052
0.280076
0.3888
0.388888
0.377375
0.369351
0.260044
0.369337
0.369351
0.369331
0.361627
0.349853
0.440102
0.450159
0.369346
0.250205
0.24004
0.349878
0.349887
0.338254
0.33825
0.23021
0.223061
0.333939
0.332433
0.331245
0.418094
0.416085
0.325123
0.211049
0.209046
0.208044
0.20645
0.203927
0.203927
0.20645
0.208044
0.209046
0.211049
0.325123
0.416085
0.418094
0.331245
0.332433
0.333939
0.223061
0.23021
0.33825
0.338254
0.349887
0.349878
0.24004
0.250205
0.369346
0.450159
0.440102
0.349853
0.361627
0.369331
0.369351
0.369337
0.260044
0.369351
0.377375
0.388888
0.3888
0.280076
0.280052
0.388865
0.490206
0.400411
0.280044
0.388873
0.396993
0.300085
0.408444
0.500107
0.408346
0.408476
0.408396
0.300064
0.300031
0.42001
0.520139
0.510142
0.51017
0.52014
0.427995
0.201041
0.201041
0.201041
0.201041
0.201041
0.201045
0.201041
0.201041
0.201041
0.201041
0.201041
0.201041
0.201045
0.201037
0.201041
0.201044
0.201041
0.201041
0.201041
0.201041
0.201041
0.201044
0.201041
0.201037
0.201044
0.201037
0.201044
0.201041
0.201041
0.201041
0.201041
0.201041
0.201044
0.201041
0.201037
0.201041
0.201044
0.201041
0.201041
0.201044
0.201037
0.201041
0.201044
0.201041
0.20104
0.201041
0.201041
0.201041
0.201041
0.201041
0.201041
0.201041
0.201041
0.201041
0.201041
0.201041
0.201041
0.201041
0.201041
0.201041
0.201041
0.201041
0.201041
0.201041
0.20104
0.201041
0.201044
0.201041
0.201037
0.201044
0.201041
0.201041
0.201044
0.201041
0.201037
0.201041
0.201044
0.201041
0.201041
0.201041
0.201041
0.201041
0.201044
0.201037
0.201044
0.201037
0.201041
0.201044
0.201041
0.201041
0.201041
0.201041
0.201041
0.201044
0.201041
0.201037
0.201045
0.201041
0.201041
0.201041
0.201041
0.201041
0.201041
0.201045
0.201041
0.201041
0.201041
0.201041
0.201041
)
;
    }
}


// ************************************************************************* //
